tTriggerFieldV,416,1664,783F19B0,0,1,1,4294967295,0,0
tTriggerFieldV,448,1664,33C613E7,0,1,1,4294967295,0,0
trigger,416,1600,6446E021,0,1,1,4294967295,0,0
trigger,416,1632,DDEC9B6B,0,1,1,4294967295,0,0
trigger,416,1664,11FFC93E,0,1,1,4294967295,0,0
trigger,416,1696,2BB15708,0,1,1,4294967295,0,0
trigger,416,1728,9133ED6C,0,1,1,4294967295,0,0
savePoint,96,1728,29C0A686,0,1,1,4294967295,0,0
spikeUp,192,1728,C1929B14,0,1,1,4294967295,0,0
spikeUp,224,1728,CEB8D854,0,1,1,4294967295,0,0
spikeUp,256,1728,2AFD0231,0,1,1,4294967295,0,0
spikeUp,288,1728,A96789BE,0,1,1,4294967295,0,0
spikeUp,352,1760,FB68CDAB,0,1,1,4294967295,0,0
spikeUp,384,1760,114EB4E8,0,1,1,4294967295,0,0
spikeUp,416,1760,6A1350B8,0,1,1,4294967295,0,1
spikeUp,448,1760,67884608,0,1,1,4294967295,0,1
blockInvis,544,1696,FC4A0EDA,0,1,1,4294967295,0,0
blockInvis,544,1600,9CD26B9B,0,1,1,4294967295,0,0
blockInvis,544,1568,0ACF9B86,0,1,1,4294967295,0,0
blockInvis,544,1536,BEFE01A9,0,1,1,4294967295,0,0
blockInvis,448,1568,948B736F,0,1,1,4294967295,0,0
blockInvis,448,1600,59605580,0,1,1,4294967295,0,0
blockInvis,448,1536,98A157EA,0,1,1,4294967295,0,0
blockInvis,544,1664,8621FA5E,0,1,1,4294967295,0,0
blockInvis,544,1632,B3D02772,0,1,1,4294967295,0,0
blockInvis,448,1632,A1AFF806,0,1,1,4294967295,0,0
blockInvis,480,1632,EC4CB7A7,0,1,1,4294967295,0,0
blockInvis,256,1536,0161709D,0,1,1,4294967295,0,0
blockInvis,288,1536,5687FC64,0,1,1,4294967295,0,0
blockInvis,64,1440,B55D91B2,0,1,1,4294967295,0,0
blockInvis,96,1440,B2FEBAE3,0,1,1,4294967295,0,0
blockInvis,256,1376,95F53ED4,0,1,1,4294967295,0,0
blockInvis,480,1344,E7F920D5,0,1,1,4294967295,0,0
blockInvis,512,1344,2A7F0999,0,1,1,4294967295,0,0
blockInvis,544,1504,2710380C,0,1,1,4294967295,0,0
blockInvis,544,1472,1857D808,0,1,1,4294967295,0,0
blockInvis,544,1440,9643BCA0,0,1,1,4294967295,0,0
blockInvis,544,1408,9E12F508,0,1,1,4294967295,0,0
blockInvis,544,1376,D516D5D9,0,1,1,4294967295,0,0
blockInvis,544,1344,18FD2DAA,0,1,1,4294967295,0,0
spikeUp,576,1696,7854A63A,0,1,1,4294967295,0,0
spikeUp,608,1696,566A26A6,0,1,1,4294967295,0,0
spikeUp,640,1696,039F73C9,0,1,1,4294967295,0,0
spikeUp,672,1696,929A1962,0,1,1,4294967295,0,0
spikeUp,800,1696,375BEB45,0,1,1,4294967295,0,0
spikeUp,832,1696,18126297,0,1,1,4294967295,0,0
spikeUp,864,1696,13141A0C,0,1,1,4294967295,0,0
spikeUp,896,1696,E0C343B9,0,1,1,4294967295,0,0
tActiver,427,1775,53699CD1,0,1,1,4294967295,0,0
tActiver,459,1760,457604C3,0,1,1,4294967295,0,0
block,0,1760,65C85609,0,1,1,4294967295,0,0
block,32,1760,ECDEF335,0,1,1,4294967295,0,0
block,64,1760,6F1B0642,0,1,1,4294967295,0,0
block,96,1760,48E6FB50,0,1,1,4294967295,0,0
block,128,1760,37BEAAE4,0,1,1,4294967295,0,0
block,160,1760,720B5AD6,0,1,1,4294967295,0,0
block,192,1760,BF334166,0,1,1,4294967295,0,0
block,224,1760,B2EDDC81,0,1,1,4294967295,0,0
block,256,1760,9730A66B,0,1,1,4294967295,0,0
block,288,1760,D0E0C6E4,0,1,1,4294967295,0,0
block,320,1760,D02D7C95,0,1,1,4294967295,0,0
block,352,1792,F90F14EB,0,1,1,4294967295,0,0
block,384,1792,AA4FAF59,0,1,1,4294967295,0,0
block,416,1792,877C25F6,0,1,1,4294967295,0,0
block,448,1792,1EB40B66,0,1,1,4294967295,0,0
block,608,1728,C1FA755E,0,1,1,4294967295,0,0
block,640,1728,E93212C6,0,1,1,4294967295,0,0
block,576,1728,13314C43,0,1,1,4294967295,0,0
block,544,1728,1A106D89,0,1,1,4294967295,0,0
block,544,1760,8FBB7515,0,1,1,4294967295,0,0
block,544,1792,B8EE91D0,0,1,1,4294967295,0,0
block,672,1728,A2360A20,0,1,1,4294967295,0,0
block,704,1728,4DF2C324,0,1,1,4294967295,0,0
block,736,1728,5F9250FE,0,1,1,4294967295,0,0
block,768,1728,515BE43E,0,1,1,4294967295,0,0
playerStart,32,1728,FCECBE32,0,1,1,4294967295,0,0
